[gd_scene load_steps=6 format=2]

[ext_resource path="res://assets/objects/target.obj" type="ArrayMesh" id=1]
[ext_resource path="res://assets/environments/default_env.tres" type="Environment" id=2]
[ext_resource path="res://assets/objects/world.obj" type="ArrayMesh" id=3]
[ext_resource path="res://assets/materials/hills_mat.tres" type="Material" id=4]
[ext_resource path="res://assets/materials/target_mat.tres" type="Material" id=5]

[node name="Spatial" type="Spatial"]

[node name="WorldEnvironment" type="WorldEnvironment" parent="."]
environment = ExtResource( 2 )

[node name="DirectionalLight" type="DirectionalLight" parent="."]
transform = Transform( 1, 0, 0, 0, 0.993238, 0.116099, 0, -0.116099, 0.993238, 0, 11.887, 0 )

[node name="Player" type="Spatial" parent="."]
transform = Transform( 0.759453, 0, 0.650562, 0, 1, 0, -0.650562, 0, 0.759453, 23.3792, 0.79514, 22.909 )
__meta__ = {
"_editor_description_": ""
}

[node name="Camera" type="Camera" parent="Player"]
fov = 90.5

[node name="Ground" type="MeshInstance" parent="."]
transform = Transform( 0.8, 0, 0, 0, 0.8, 0, 0, 0, 0.8, 0, 0, 0 )
mesh = ExtResource( 3 )
material/0 = ExtResource( 4 )

[node name="Target" type="MeshInstance" parent="."]
transform = Transform( -0.674586, 0, 0.738196, 0, 1, 0, -0.738196, 0, -0.674586, 7.60692, 0.346195, 8.4807 )
mesh = ExtResource( 1 )
material/0 = ExtResource( 5 )
