[gd_scene load_steps=8 format=2]

[ext_resource path="res://assets/environments/default_env.tres" type="Environment" id=2]
[ext_resource path="res://assets/objects/world.obj" type="ArrayMesh" id=3]
[ext_resource path="res://assets/materials/hills_mat.tres" type="Material" id=4]
[ext_resource path="res://scenes/Target.tscn" type="PackedScene" id=5]
[ext_resource path="res://assets/objects/bow_frame.obj" type="ArrayMesh" id=8]
[ext_resource path="res://assets/materials/bow_mat.tres" type="Material" id=9]
[ext_resource path="res://scripts/Player.gd" type="Script" id=11]

[node name="Spatial" type="Spatial"]

[node name="WorldEnvironment" type="WorldEnvironment" parent="."]
environment = ExtResource( 2 )

[node name="DirectionalLight" type="DirectionalLight" parent="."]
transform = Transform( 1, 0, 0, 0, 0.993238, 0.116099, 0, -0.116099, 0.993238, 0, 11.887, 0 )

[node name="Player" type="Spatial" parent="."]
transform = Transform( 0.68067, 0, 0.73259, 0, 1, 0, -0.73259, 0, 0.68067, 17.0422, 0.795142, 19.3493 )
script = ExtResource( 11 )
__meta__ = {
"_editor_description_": ""
}
camera_path = NodePath("Camera")

[node name="Camera" type="Camera" parent="Player"]
transform = Transform( 1, 7.45058e-09, 0, 0, 1, -2.6077e-08, 2.98023e-08, 2.98023e-08, 1, 0.0342274, 0.235734, 0.867214 )
fov = 60.0

[node name="Bow" type="MeshInstance" parent="Player"]
transform = Transform( -1.19016, -0.151654, -0.0227653, -0.150648, 1.18952, -0.0483677, 0.0286787, -0.0451132, -1.19881, 0, 0, 0 )
mesh = ExtResource( 8 )
skeleton = NodePath("../..")
material/0 = ExtResource( 9 )

[node name="Ground" type="MeshInstance" parent="."]
transform = Transform( 0.7, 0, 0, 0, 1, 0, 0, 0, 0.7, 0, 0, 0 )
mesh = ExtResource( 3 )
material/0 = ExtResource( 4 )

[node name="Target" parent="." instance=ExtResource( 5 )]
transform = Transform( -0.560799, 0, 0.827952, 0, 1, 0, -0.827952, 0, -0.560799, 14.4096, 0.346197, 16.1388 )
